"","pred","true"
"2",7.445448,7.36
