"","pred","true"
"4",3.26435366083916,2.73
